0.0
1.6507465731013906
1.731803742322055
1.559348626570268
1.7196863347833806
1.687288522720337
1.7842681949788874
1.8627763661471282
1.7196863347833806
1.6216933402148161
1.7093694860284978
1.7814185619354248
1.7196862480857156
1.554744373668324
1.6313608234578914
1.6951564116911455
1.676846211606806
1.457690639929338
1.5113558010621504
1.5567885312167082
0.1797875396230004
0.0
0.0785078379240903
0.09697942706671628
0.0330463635142554
0.07308342240073465
0.0889073827049949
0.14364494247870013
0.06550486555153673
0.07865289598703384
0.2510455304926092
0.04849919913844629
0.05731199478561228
0.2365385415879163